.Random.seed <-
c(403L, 10L, 1385584201L, 1469112152L, 1038854L, 744326113L, 
1402691955L, 2071679458L, 684926292L, 1411636311L, 904126541L, 
-1223564316L, 1254867402L, -790149067L, -1588640113L, 1740797846L, 
916101952L, -11168253L, 68676641L, -240009456L, -1965861650L, 
-985580391L, -1719133909L, -1087942630L, 1253903068L, -1184884001L, 
-330865483L, 1690702412L, 2077695650L, 1010902525L, 512413431L, 
1667115038L, 2078870232L, 1677295163L, 2029235161L, -735381144L, 
1252790422L, 123104785L, -1249966141L, -436831278L, -120404380L, 
833705383L, 1425951485L, -298053900L, -814143014L, -1151472347L, 
1378925631L, 1652288454L, -1805629360L, 1985356915L, -1397012335L, 
-1452074816L, 998937246L, -1386459543L, 1533501083L, 584856490L, 
1815795660L, 299543183L, 2023146181L, 113126012L, -1594349870L, 
840269L, 1933295367L, -774790418L, -678111288L, 1950439627L, 
1011116329L, -815115912L, 1730172582L, 1972887745L, 635906387L, 
1648842242L, -1135169740L, 1500773559L, 288918701L, 1371158980L, 
340990442L, 1467033173L, 708851695L, -1460254730L, 1916780832L, 
138424035L, -27306111L, -1382149648L, -385347442L, 981555193L, 
-817877621L, -2016110150L, 521033916L, 278428671L, 1625090389L, 
-1549585812L, 618059458L, -1591533283L, -282667113L, -1446997250L, 
-2068715336L, 2013098651L, 119439609L, -1024089528L, -591254154L, 
1723194545L, 429363427L, 1505144754L, 320352260L, -271899833L, 
-1809876451L, -782413676L, 979886138L, -305511803L, -934591649L, 
-1305740314L, -1452673424L, -650184301L, -945865167L, -358812448L, 
145466750L, 2096904201L, 79411259L, 1327662602L, 661173740L, 
739474031L, 1720989093L, -589060772L, -917243598L, 461244461L, 
1628636903L, 1234693134L, 858846696L, 1684733931L, -1873510263L, 
-812313576L, 1883644742L, 1053598113L, 138620979L, -1880441438L, 
-756873068L, 420019991L, -1700693747L, 1189629988L, -463556598L, 
-1371925131L, -1134750513L, -1003120682L, -592357504L, -490959933L, 
-434659999L, 2053407696L, 1340158766L, 85610201L, -1497563925L, 
-1326580390L, -2105372900L, -489903585L, 760330869L, 1640052492L, 
1990568674L, -1898737731L, 1770354743L, 37909214L, 1686859288L, 
824455547L, -1685894887L, -1449388632L, -1796196010L, 1068427729L, 
-877713021L, -335267822L, 178650020L, -736138393L, -1717219139L, 
-385791948L, 1806093210L, 1307330533L, -2001636481L, -1828736250L, 
-1501447024L, 1574137139L, -252376367L, 1730048128L, 493914462L, 
771104425L, -1218778789L, 498754410L, -170309108L, -192374193L, 
298874629L, -1797275716L, 1216019090L, 1837785485L, -1662580281L, 
1259084462L, -1107447032L, -1767591669L, 556855273L, 2031425720L, 
175402854L, -237929471L, -748934509L, -266453694L, -560721164L, 
-1023353097L, 1367899885L, -2144720508L, 249898922L, -146088683L, 
1982388143L, -820521034L, -1147130400L, -1475640029L, 1419278913L, 
-1689938640L, -1015132338L, 886019513L, -893130805L, -472056710L, 
538156412L, 2024715711L, 1491071637L, -185388884L, 513555074L, 
655077981L, 2061944151L, 1458186302L, 968871032L, 1155397467L, 
1144967865L, 1241378568L, -1367677514L, 1699162018L, -1980479576L, 
400149900L, -1199970116L, 2080934258L, -431344400L, 254410820L, 
-1017179816L, 1319056954L, 1045142384L, 67795004L, 677814036L, 
-1677593150L, -190334240L, 1344415612L, 2045046480L, 451786914L, 
1912233000L, -255384308L, 1648371644L, -822286030L, 247556544L, 
1715702324L, 1428794312L, -542541638L, -1259955824L, 1626272236L, 
-2003828140L, 99549330L, -1875837152L, 1958750668L, -415443488L, 
441579202L, 1526441000L, 312472236L, -132266820L, -1812366862L, 
1353859376L, -564161372L, -140056904L, 1446579546L, 1760191888L, 
-48180356L, 1010530580L, 154309442L, -1747633408L, -2141849668L, 
-957661360L, -1601682654L, 1481694536L, 781416972L, 1802786908L, 
669863122L, -200025600L, 932826452L, -866379288L, 657923066L, 
-1168854832L, -598770388L, -1820658956L, 372173202L, 1456075872L, 
-1038564084L, -1649732896L, 456231266L, 1618053800L, 304894540L, 
-1219067524L, 1950745906L, -1023569808L, -959711420L, -2053714472L, 
22011002L, -2016465360L, 1679067836L, -782512300L, 1823536194L, 
2107084192L, 872831676L, -1779689008L, -456454814L, 417066984L, 
-592992308L, -2100297988L, -1056087566L, 1939687552L, 1849152756L, 
-1427360120L, 561891130L, 293032784L, 213317228L, 796561556L, 
-1520230062L, 245087968L, -2145766708L, -1126428512L, 956922754L, 
931771112L, -87534868L, -1044353988L, 2063098482L, -1036417936L, 
395118116L, 1134060600L, -909670374L, 1432275664L, 1204905020L, 
1193342100L, -982700926L, 7440320L, -606488260L, 448008848L, 
-210404318L, 1955636232L, 908753036L, -507343844L, 653338258L, 
-934112128L, 1313169428L, -695065304L, 11284026L, 1243555024L, 
-684473236L, -235253068L, 2064689170L, -1554655264L, 2118422476L, 
-671093280L, -1811927518L, 633612584L, 1218277644L, -1696811460L, 
1547559154L, 1007024880L, -939269308L, -1645860264L, -795258310L, 
-1417443600L, -2121499460L, 1037798932L, -1007542078L, 96694368L, 
-1724609156L, 1761549520L, -904438750L, -1530783064L, 668823436L, 
-104949316L, -223153102L, 661411648L, -160859980L, 804569928L, 
316873402L, -1915891952L, 38148332L, 196441172L, 1088358162L, 
-1369738336L, 1918541772L, -1994986656L, -428560190L, 25859624L, 
-2049292884L, -2097242308L, -1460211854L, 1373831984L, 55149092L, 
589238328L, -2092585766L, 1600889232L, 577677052L, -459849836L, 
-31038654L, 956242432L, -970489284L, -803129776L, -2041130334L, 
-709629112L, 1560001036L, -174330660L, -226925998L, -230942592L, 
-838419628L, 1869451752L, 2005715706L, 1715345232L, 275547180L, 
-1716259468L, -1884197230L, -1799243168L, -2142375284L, 1431317344L, 
1979527906L, -1711064920L, 584552652L, 1981846012L, -2016346190L, 
1504499184L, -1967665724L, 1211582296L, 714546042L, 214343088L, 
1848000956L, 553627732L, 969069506L, 1930654496L, -1604495428L, 
1921946192L, 1695022562L, 470335848L, -1402720948L, -589582084L, 
-673922318L, 661782272L, 2070306420L, -627404792L, 1079869882L, 
1585782736L, 347642348L, -518883436L, 65381074L, -1268629920L, 
1833215308L, -418667232L, 480021122L, -1069286936L, -527876116L, 
-906364049L, -1151877895L, -1833623154L, -913640356L, -1878702387L, 
-629845449L, -1947805504L, -1263491170L, -1181422485L, 1375701997L, 
-1247506854L, 1829835032L, 100015745L, -350718925L, -238632364L, 
309397090L, -1351915273L, 948865857L, 1898332614L, 89737988L, 
292372149L, 1957603743L, -940841480L, 1980992470L, 267056739L, 
-1249122779L, -905562686L, -1391498576L, -46587175L, -277769141L, 
-930420036L, -1896163094L, -871189217L, 349216169L, -811672770L, 
-371460564L, 1948648573L, 1161739975L, 1837672368L, -2048935474L, 
-1145974021L, 1760252253L, 1633342090L, 1564147880L, -1116330991L, 
-33188605L, 1537816580L, -1052575694L, 1895190663L, 630750417L, 
-51583402L, 1128445492L, -765080251L, -496795761L, -121984248L, 
-572592858L, -551168557L, -470540491L, 1539815058L, -34426272L, 
-1580112951L, 851370747L, 1292733644L, -378698406L, -229849009L, 
1574896921L, -1696403666L, -278945476L, -75716947L, -1498832553L, 
1355944096L, -1944408578L, -29916981L, -149791027L, -334403078L, 
-1176505800L, -1814564895L, 1661577363L, -1665889612L, -1074927678L, 
1179837399L, 725969953L, 600222694L, -1661618460L, 711533077L, 
1867278911L, -1547378216L, -1278797834L, -2117189629L, 1709157189L, 
-1572667550L, 198926544L, 1129270265L, 76867371L, 1991750812L, 
-42112310L, -1678662721L, 1781550857L, 511006750L, -1628993076L, 
-60783715L, -1445364185L, -2068818864L, 1338825966L, 920639899L, 
1829375997L, -238290198L, 1288580488L, 335797041L, 1921364899L, 
709424036L, 369008210L, 1055350183L, 504551921L, -2013311690L, 
-548538924L, -467518619L, -342908049L, -56214104L, -1026784506L, 
-1647446477L, 26049685L, 1154106610L, -1021172416L, -813995351L, 
-1266425061L, -1955064596L, -1342351110L, 2139081007L, 1964879161L, 
-597598386L, -1387121252L, -128198899L, 695902583L, 455243136L, 
-1038597154L, 2047716523L, -101664851L, 1234799642L, 217563864L, 
936463169L, 73247731L, 2027124244L, 584085410L, 391237815L, -859665791L, 
-516203898L, -1927537980L, 32644085L, 9220703L, 280544440L, 1555906966L, 
